 -5.0000000e+000  1.4397577e+002
 -4.9000000e+000  1.4082144e+002
 -4.8000000e+000  1.3680255e+002
 -4.7000000e+000  1.3016584e+002
 -4.6000000e+000  1.2309854e+002
 -4.5000000e+000  1.1439532e+002
 -4.4000000e+000  1.0459727e+002
 -4.3000000e+000  9.6025621e+001
 -4.2000000e+000  9.0400328e+001
 -4.1000000e+000  8.4738771e+001
 -4.0000000e+000  8.1702265e+001
 -3.9000000e+000  7.9660375e+001
 -3.8000000e+000  7.8901891e+001
 -3.7000000e+000  7.8319333e+001
 -3.6000000e+000  7.7792199e+001
 -3.5000000e+000  7.6203148e+001
 -3.4000000e+000  7.3302882e+001
 -3.3000000e+000  6.8357995e+001
 -3.2000000e+000  6.0673796e+001
 -3.1000000e+000  5.3659575e+001
 -3.0000000e+000  4.5933771e+001
 -2.9000000e+000  4.0527897e+001
 -2.8000000e+000  3.5071689e+001
 -2.7000000e+000  3.2667226e+001
 -2.6000000e+000  3.0980565e+001
 -2.5000000e+000  3.1142812e+001
 -2.4000000e+000  3.1947988e+001
 -2.3000000e+000  3.2608610e+001
 -2.2000000e+000  3.4540830e+001
 -2.1000000e+000  3.3087014e+001
 -2.0000000e+000  3.1259531e+001
 -1.9000000e+000  2.6126994e+001
 -1.8000000e+000  2.1595553e+001
 -1.7000000e+000  1.5708787e+001
 -1.6000000e+000  9.6828575e+000
 -1.5000000e+000  6.3519347e+000
 -1.4000000e+000  1.7911671e+000
 -1.3000000e+000  1.7895385e+000
 -1.2000000e+000  2.1555959e+000
 -1.1000000e+000  3.7013691e+000
 -1.0000000e+000  5.9731705e+000
 -9.0000000e-001  9.7150275e+000
 -8.0000000e-001  1.0009160e+001
 -7.0000000e-001  1.1432421e+001
 -6.0000000e-001  9.9223725e+000
 -5.0000000e-001  7.4511493e+000
 -4.0000000e-001  3.0999315e+000
 -3.0000000e-001 -1.7130687e+000
 -2.0000000e-001 -4.9541520e+000
 -1.0000000e-001 -8.1451161e+000
  0.0000000e+000 -7.9157024e+000
  1.0000000e-001 -7.7265311e+000
  2.0000000e-001 -5.4184115e+000
  3.0000000e-001 -1.0247075e+000
  4.0000000e-001  3.1055918e+000
  5.0000000e-001  6.4619733e+000
  6.0000000e-001  1.0332118e+001
  7.0000000e-001  1.2177030e+001
  8.0000000e-001  1.1234617e+001
  9.0000000e-001  9.9610569e+000
  1.0000000e+000  6.4187102e+000
  1.1000000e+000  3.2298970e+000
  1.2000000e+000  2.3680728e+000
  1.3000000e+000  8.8608265e-001
  1.4000000e+000  2.7783012e+000
  1.5000000e+000  5.3082157e+000
  1.6000000e+000  9.9966809e+000
  1.7000000e+000  1.5789251e+001
  1.8000000e+000  2.0939401e+001
  1.9000000e+000  2.6937442e+001
  2.0000000e+000  3.1721399e+001
  2.1000000e+000  3.3030669e+001
  2.2000000e+000  3.3657274e+001
  2.3000000e+000  3.3010668e+001
  2.4000000e+000  3.1599644e+001
  2.5000000e+000  2.9644646e+001
  2.6000000e+000  3.0833292e+001
  2.7000000e+000  3.2417250e+001
  2.8000000e+000  3.5234600e+001
  2.9000000e+000  4.0404607e+001
  3.0000000e+000  4.5742281e+001
  3.1000000e+000  5.3113719e+001
  3.2000000e+000  6.1332217e+001
  3.3000000e+000  6.6598888e+001
  3.4000000e+000  7.3333123e+001
  3.5000000e+000  7.6564083e+001
  3.6000000e+000  7.8123728e+001
  3.7000000e+000  7.8311912e+001
  3.8000000e+000  7.9310875e+001
  3.9000000e+000  7.9778590e+001
  4.0000000e+000  8.1440103e+001
  4.1000000e+000  8.4696972e+001
  4.2000000e+000  8.9857463e+001
  4.3000000e+000  9.7291561e+001
  4.4000000e+000  1.0503889e+002
  4.5000000e+000  1.1443444e+002
  4.6000000e+000  1.2303707e+002
  4.7000000e+000  1.3096645e+002
  4.8000000e+000  1.3687229e+002
  4.9000000e+000  1.4206587e+002
  5.0000000e+000  1.4423329e+002
